-0.273372791799041
-0.26753166927845
0.127768223719055
-0.165974906639818
-0.37654249356761
-0.452367456014775
-0.229697983910538
0.318910504711725
0.174325708142875
-0.175002669819455
0.268663845516137
-0.0875822468901589
-0.624542654078397
-0.307353528738662
0.470025895666117
-0.390733364795903
-0.0307204964618483
0.365258587527504
-0.364469944707119
-0.35688587892896
0.406596682665986
-0.385712875007061
0.548868845861158
-0.157081843719237
0.076697022828317
-0.156508745421235
0.272930947994838
-0.116296097106393
-0.541902466302923
0.228180664250094
0.272296193782952
0.530229986184861
0.240010495916631
0.166879533954733
-0.216763260910504
0.293664568333651
0.233120980003312
-0.273904275072994
0.000476027662532857
1.52714935821697
0.225151099474365
-0.386286936169637
0.766468697566396
-0.234579160876235
0.421026347091743
0.264927000667613
-0.210399553824874
0.398498484079225
-0.136402711406224
0.0694157541813261
-0.426220751375289
-0.401439630178759
-0.071746468891302
-0.336072636105338
-0.297865403693564
0.00900118424929701
-0.36020616055143
-0.381911878839656
-0.162546103497812
0.251198645986553
-0.216253053349396
-0.224300453850211
0.235441348705925
-0.521393699691202
-0.295167772726814
-0.00389091741892573
0.311448585604702
0.26801757110927
0.358707428060552
-0.132440298992069
-0.621296838416221
-0.259238607082262
0.0658506969819815
0.562117716637781
0.103060552048256
-0.128029432439737
0.288196271254957
0.438245074708301
1.16539561300512
0.533932387894376
-0.171517008461782
0.638014978049764
-0.0657941592026089
0.424844943243353
-0.262705314900283
0.245129830708815
-0.041972638130305
-0.616746823220676
0.0972723966705052
-0.330639946559318
-0.433642623293253
0.730303788812615
0.173954151755185
0.166293849529652
0.736123578382652
-0.102004070902616
-0.16915321805506
-0.273384112736566
-0.0750829505129182
-0.193237909806962
-0.557114879245285
0.242776949462282
-0.597935330428833
0.196368655021723
-0.178048808878199
0.0396066287065328
-0.0435685528863208
1.37513512400839
-0.175449248690988
-0.303008544756719
0.648176049113306
-0.0720662511367108
-0.190406071604042
-0.483037142243504
-0.192849023179829
-0.206079368717671
0.181316559958511
-0.0567888063279721
-0.0764587204312626
-0.535288598688671
